Posterior means (95% Equal-tail CI) (95% HPD CI) HPD-CI-width

t_n67          6.8312 ( 6.4261,  7.4952) ( 6.3718,  7.3835)  1.0117
t_n68          6.6013 ( 6.2949,  7.0943) ( 6.2571,  7.0187)  0.7617
t_n69          6.2486 ( 6.0947,  6.5142) ( 6.0742,  6.4688)  0.3945
t_n70          5.9414 ( 5.9026,  5.9835) ( 5.9037,  5.9843)  0.0806
t_n71          5.9128 ( 5.8782,  5.9477) ( 5.8804,  5.9496)  0.0693
t_n72          5.8767 ( 5.8414,  5.9091) ( 5.8437,  5.9109)  0.0672
t_n73          5.8373 ( 5.7985,  5.8729) ( 5.8004,  5.8745)  0.0740
t_n74          5.7330 ( 5.6852,  5.7779) ( 5.6855,  5.7781)  0.0925
t_n75          5.6980 ( 5.6496,  5.7441) ( 5.6501,  5.7443)  0.0942
t_n76          5.6202 ( 5.5727,  5.6671) ( 5.5725,  5.6669)  0.0944
t_n77          5.5818 ( 5.5358,  5.6288) ( 5.5355,  5.6284)  0.0928
t_n78          5.5049 ( 5.4628,  5.5509) ( 5.4626,  5.5505)  0.0879
t_n79          5.2881 ( 5.1523,  5.4023) ( 5.1460,  5.3946)  0.2486
t_n80          5.1930 ( 4.9599,  5.3577) ( 4.9856,  5.3713)  0.3857
t_n81          4.8549 ( 3.6510,  5.2611) ( 4.0884,  5.3226)  1.2342
t_n82          3.8827 ( 1.3376,  5.0592) ( 1.7018,  5.1679)  3.4661
t_n83          5.4090 ( 5.3781,  5.4490) ( 5.3764,  5.4463)  0.0699
t_n84          5.3337 ( 5.3202,  5.3692) ( 5.3196,  5.3608)  0.0412
t_n85          5.1312 ( 4.8456,  5.2553) ( 4.9102,  5.2790)  0.3687
t_n86          4.4313 ( 1.3647,  5.2140) ( 1.8425,  5.2714)  3.4289
t_n87          5.4753 ( 5.3750,  5.5447) ( 5.3945,  5.5551)  0.1607
t_n88          4.4995 ( 1.8210,  5.2854) ( 2.3949,  5.3674)  2.9725
t_n89          2.2131 ( 0.3670,  4.4094) ( 0.2811,  4.2691)  3.9879
t_n90          5.5639 ( 5.5169,  5.6119) ( 5.5186,  5.6135)  0.0949
t_n91          5.5141 ( 5.4670,  5.5631) ( 5.4672,  5.5632)  0.0960
t_n92          5.4360 ( 5.3892,  5.4842) ( 5.3890,  5.4837)  0.0947
t_n93          5.3375 ( 5.2995,  5.3693) ( 5.3000,  5.3695)  0.0695
t_n94          5.2989 ( 5.2652,  5.3213) ( 5.2674,  5.3231)  0.0557
t_n95          5.1587 ( 5.1405,  5.1957) ( 5.1397,  5.1889)  0.0492
t_n96          5.0236 ( 4.9736,  5.0897) ( 4.9697,  5.0788)  0.1091
t_n97          4.8080 ( 4.6223,  4.9578) ( 4.6345,  4.9655)  0.3310
t_n98          4.2192 ( 4.0572,  4.4571) ( 4.0484,  4.4173)  0.3690
t_n99          3.8643 ( 3.3732,  4.1221) ( 3.4565,  4.1525)  0.6960
t_n100         5.2180 ( 5.1268,  5.2782) ( 5.1389,  5.2844)  0.1455
t_n101         4.7713 ( 4.3892,  5.0743) ( 4.3904,  5.0752)  0.6848
t_n102         5.6557 ( 5.6047,  5.7047) ( 5.6056,  5.7055)  0.0999
t_n103         5.5953 ( 5.5345,  5.6526) ( 5.5368,  5.6544)  0.1177
t_n104         5.4839 ( 5.3908,  5.5660) ( 5.3941,  5.5680)  0.1739
t_n105         5.0603 ( 4.9732,  5.2119) ( 4.9686,  5.1851)  0.2165
t_n106         4.5807 ( 4.4405,  4.6865) ( 4.4529,  4.6925)  0.2397
t_n107         4.2797 ( 4.2089,  4.4195) ( 4.2066,  4.3976)  0.1910
t_n108         3.4896 ( 3.4333,  3.5164) ( 3.4410,  3.5196)  0.0786
t_n109         3.2056 ( 3.1806,  3.2648) ( 3.1797,  3.2523)  0.0726
t_n110         2.2529 ( 1.7235,  2.5422) ( 1.7733,  2.5680)  0.7947
t_n111         1.0497 ( 0.6764,  1.5756) ( 0.6568,  1.5143)  0.8574
t_n112         4.5122 ( 3.7128,  4.9449) ( 3.7851,  4.9946)  1.2095
t_n113         3.4907 ( 0.9909,  5.0169) ( 1.2603,  5.1527)  3.8925
t_n114         5.5286 ( 5.4527,  5.5980) ( 5.4539,  5.5986)  0.1447
t_n115         5.2046 ( 5.0950,  5.3747) ( 5.0896,  5.3469)  0.2572
t_n116         5.0155 ( 4.6603,  5.2884) ( 4.7024,  5.3185)  0.6161
t_n117         5.1589 ( 5.0487,  5.3378) ( 5.0440,  5.3106)  0.2665
t_n118         5.6138 ( 5.4982,  5.6978) ( 5.5308,  5.7116)  0.1807
t_n119         5.7007 ( 5.6202,  5.7755) ( 5.6159,  5.7701)  0.1543
t_n120         4.2516 ( 1.4093,  5.5161) ( 1.7781,  5.6129)  3.8347
t_n121         2.8459 ( 0.6706,  5.0633) ( 0.7731,  5.1465)  4.3734
t_n122         3.0828 ( 0.7300,  5.0515) ( 0.8708,  5.1560)  4.2852
t_n123         2.1899 ( 0.4334,  4.3634) ( 0.2983,  4.1775)  3.8792
t_n124         1.5892 ( 0.2965,  3.6945) ( 0.1640,  3.3889)  3.2249
t_n125         5.4388 ( 5.1685,  5.7017) ( 5.1558,  5.6810)  0.5252
t_n126         5.0261 ( 2.3096,  5.9439) ( 2.7779,  6.0572)  3.2793
t_n127         3.3851 ( 0.9829,  5.3124) ( 1.1287,  5.4201)  4.2914
t_n128         4.2274 ( 1.5637,  6.2637) ( 1.5513,  6.2422)  4.6910
t_n129         3.6287 ( 1.3083,  5.7648) ( 1.2731,  5.7225)  4.4493
t_n130         1.5487 ( 0.2996,  3.7294) ( 0.1741,  3.3685)  3.1944
t_n131         2.7748 ( 0.8010,  5.1036) ( 0.7101,  4.9941)  4.2840
mu             0.0957 ( 0.0409,  0.1751) ( 0.0335,  0.1630)  0.1295
sigma2         0.6649 ( 0.5240,  0.8341) ( 0.5178,  0.8245)  0.3067
lnL          -65.2453 (-82.0190, -50.1820) (-80.8800, -49.3090) 31.5710

mean	6.8312	6.6013	6.2486	5.9414	5.9128	5.8767	5.8373	5.7330	5.6980	5.6202	5.5818	5.5049	5.2881	5.1930	4.8549	3.8827	5.4090	5.3337	5.1312	4.4313	5.4753	4.4995	2.2131	5.5639	5.5141	5.4360	5.3375	5.2989	5.1587	5.0236	4.8080	4.2192	3.8643	5.2180	4.7713	5.6557	5.5953	5.4839	5.0603	4.5807	4.2797	3.4896	3.2056	2.2529	1.0497	4.5122	3.4907	5.5286	5.2046	5.0155	5.1589	5.6138	5.7007	4.2516	2.8459	3.0828	2.1899	1.5892	5.4388	5.0261	3.3851	4.2274	3.6287	1.5487	2.7748	0.0957	0.6649	-65.2453
Eff 	0.4985	0.6092	0.6078	0.9149	0.9291	0.8785	0.8622	0.7577	0.7327	0.6904	0.6829	0.7183	0.5898	0.5255	0.3204	0.1624	0.8651	0.9590	0.6721	0.0734	0.8052	0.1337	0.2872	0.7100	0.7392	0.8461	0.9436	0.8997	0.9023	0.9365	1.0327	0.9545	0.9406	0.8837	0.9864	0.7345	0.7826	0.7891	0.9362	0.9640	0.9929	1.0725	1.0330	0.9631	0.8552	0.8241	0.1030	0.8194	0.8692	0.8809	0.8694	0.0621	0.5817	0.0738	0.0722	0.0538	0.0879	0.0938	0.9236	0.0925	0.1256	0.0294	0.0301	0.0487	0.0451	0.7957	0.7652	1.0129
time prior: Birth-Death-Sampling
rate prior: Log-Normal
arcsin transform is used in approx like calculation.

Time used: 6:09:11